400013
[[ 0.99671574 -0.0098708  -0.08037599  0.38599799]
 [-0.0066136   0.97930552 -0.20227939  0.91281626]
 [ 0.08070931  0.20214662  0.97602395  0.13331174]]
400024
[[ 0.91974585 -0.02146387 -0.39192713  0.88105743]
 [-0.04767323  0.9850031  -0.16581967  0.40196299]
 [ 0.38960857  0.17119639  0.90492926  0.24932622]]
400026
[[ 0.92394436 -0.01121189 -0.38236253  0.95366608]
 [ 0.05447242  0.99324007  0.10250321 -0.29058621]
 [ 0.37862854 -0.11553548  0.91830931  0.07797864]]
400064
[[ 0.99089841 -0.00748858 -0.13440337  0.71648196]
 [ 0.02558823  0.99072507  0.13345068 -0.63651689]
 [ 0.13215743 -0.13567521  0.98189951  0.28548179]]
400004
[[ 0.91078776 -0.01441738 -0.41262306  0.85042017]
 [-0.10911693  0.95545083 -0.27423933  0.5161144 ]
 [ 0.39819485  0.29479799  0.86863974  0.10203658]]
400012
[[ 0.83221309  0.05032904  0.55216697 -0.91431978]
 [ 0.0561334   0.98310703 -0.1742114   0.25538148]
 [-0.55160713  0.17597602  0.81532939  0.31432408]]
400006
[[ 9.74762497e-01  2.10041925e-04 -2.23244331e-01 -5.98685646e-01]
 [-5.64288900e-03  9.99703232e-01 -2.36982367e-02  2.52548340e-02]
 [ 2.23173101e-01  2.43598953e-02  9.74474403e-01  8.00585842e-01]]
400037
[[ 0.99928937  0.01735497 -0.03345978 -0.15653061]
 [-0.02990744  0.90535177 -0.42360799 -0.98765442]
 [ 0.02294117  0.42430765  0.90522744  0.00607549]]
400051
[[ 0.88037885  0.01035706  0.474158   -0.86590249]
 [-0.11646567  0.97386945  0.1949719  -0.49812485]
 [-0.45974865 -0.22687227  0.85858031 -0.04565648]]
400027
[[ 0.95366023 -0.00301132 -0.30087056  0.70004191]
 [ 0.1046522   0.94083632  0.32229634 -0.66441044]
 [ 0.28209941 -0.33884797  0.89755333  0.26172523]]
400063
[[ 0.80869776  0.02635201  0.58763381 -0.91309899]
 [-0.12210343  0.98475641  0.12387725 -0.12345209]
 [-0.57541175 -0.17193136  0.79958797  0.38859981]]
400049
[[ 0.99892709  0.01151352 -0.04485655  0.17145045]
 [ 0.00248569  0.95387617  0.30019005 -0.94959464]
 [ 0.04624384 -0.29997947  0.95282413  0.26244004]]
400014
[[ 0.98438531  0.01236032  0.17559265 -0.95049055]
 [-0.0134937   0.99989511  0.00526205  0.00900558]
 [-0.17550919 -0.00754928  0.98444885  0.31062294]]
400031
[[ 0.99712283 -0.02612771  0.07115754  0.02948851]
 [-0.02498044  0.77302188  0.63388733 -0.93357973]
 [-0.07156836 -0.63384108  0.77014509  0.35715448]]
400048
[[ 0.99888288  0.01590657  0.04449683 -0.05749598]
 [-0.00189926  0.95439564 -0.29853869  0.98167309]
 [-0.0472163   0.29812068  0.95335968  0.18169248]]
400009
[[ 0.90351162  0.02959982  0.42754017 -0.8957239 ]
 [-0.02228566  0.99950728 -0.0221029   0.00668961]
 [-0.42798375  0.01044221  0.9037261   0.4445604 ]]
400060
[[ 0.84093957  0.03569368  0.53995056 -0.85903521]
 [ 0.12964098  0.95547432 -0.26506987  0.3397665 ]
 [-0.52537021  0.29290747  0.7988688   0.3829063 ]]
400023
[[ 0.96937796 -0.01424949 -0.24515978  0.9331169 ]
 [ 0.01252058  0.99988455 -0.00860936 -0.00999226]
 [ 0.24525416  0.00527618  0.96944446  0.35943428]]
400019
[[ 0.944989    0.01794464  0.32660951 -0.92377909]
 [-0.06487211  0.98894198  0.13336178 -0.32537772]
 [-0.32060473 -0.14721327  0.93570341  0.20189487]]
400030
[[ 0.98457024  0.01787804  0.17407418 -0.46495806]
 [ 0.03207172  0.95948133 -0.27994104  0.86975953]
 [-0.17202572  0.28120448  0.94410338  0.16532503]]
400002
[[ 0.96082032  0.05608018  0.27143934 -0.4655108 ]
 [ 0.126713    0.78211389 -0.61011612  0.78405121]
 [-0.2465119   0.62060686  0.74436483  0.41056472]]
400041
[[ 9.96444921e-01 -8.29198734e-02  1.48934128e-02  2.18693717e-02]
 [ 8.29166933e-02  9.96556135e-01  8.31953588e-04 -1.97382663e-02]
 [-1.49111074e-02  4.05916617e-04  9.99888741e-01  9.99565972e-01]]
400016
[[ 0.96128331  0.02769359  0.27416686 -0.84876575]
 [ 0.02269873  0.9835982  -0.17893948  0.51310819]
 [-0.27462551  0.17823478  0.94488793  0.1277368 ]]
400061
[[ 0.95085743 -0.03880632  0.30718761 -0.27852818]
 [-0.16402092  0.77834653  0.6060312  -0.89313221]
 [-0.26261625 -0.62663446  0.73373153  0.35318114]]
400028
[[ 0.80787957 -0.03888579 -0.58806335  0.88816348]
 [-0.06597331  0.98558211 -0.15580571  0.26008458]
 [ 0.58564334  0.16466874  0.79366623  0.37884251]]
400007
[[ 0.99539462 -0.00455887 -0.09575364  0.1293119 ]
 [-0.06605036  0.69131144 -0.71953168  0.99158563]
 [ 0.06947584  0.72254253  0.68782658  0.00603145]]
400069
[[ 0.96380556  0.03950146  0.26366357 -0.63581606]
 [-0.10734298  0.9627566   0.24814755 -0.71832247]
 [-0.24404165 -0.26746842  0.93215037  0.28240179]]
